2.49910E+0 4.02221E+7 1.74034E-6
2.50140E+0 4.02221E+7 1.74034E-6
2.50340E+0 4.03201E+7 1.73611E-6
2.50720E+0 4.04448E+7 1.73075E-6
2.51100E+0 4.05737E+7 1.72526E-6
2.51930E+0 4.07100E+7 1.71948E-6
2.52930E+0 4.08473E+7 1.71370E-6
2.53560E+0 4.09923E+7 1.70764E-6
2.54920E+0 4.11383E+7 1.70158E-6
2.55740E+0 4.12853E+7 1.69552E-6
2.57390E+0 4.14438E+7 1.68904E-6
2.58300E+0 4.16069E+7 1.68241E-6
2.59210E+0 4.16663E+7 1.68002E-6
2.61620E+0 4.16977E+7 1.67875E-6
2.62990E+0 4.17363E+7 1.67720E-6
2.65610E+0 4.17784E+7 1.67551E-6
2.67310E+0 4.18276E+7 1.67353E-6
2.70280E+0 4.18876E+7 1.67114E-6
2.71970E+0 4.19548E+7 1.66846E-6
2.71970E+0 4.20258E+7 1.66564E-6
2.77850E+0 4.20864E+7 1.66325E-6
2.79840E+0 4.21471E+7 1.66085E-6
2.82020E+0 4.22259E+7 1.65775E-6
2.86300E+0 4.23266E+7 1.65381E-6
2.88240E+0 4.24279E+7 1.64986E-6
2.88240E+0 4.25259E+7 1.64605E-6
2.92760E+0 4.26171E+7 1.64253E-6
2.99100E+0 4.27124E+7 1.63887E-6
2.99100E+0 4.28044E+7 1.63534E-6
3.03550E+0 4.28969E+7 1.63182E-6
3.07710E+0 4.30008E+7 1.62788E-6
3.09460E+0 4.31053E+7 1.62393E-6
3.11650E+0 4.32103E+7 1.61998E-6
3.13950E+0 4.32970E+7 1.61674E-6
3.18270E+0 4.33764E+7 1.61378E-6
3.20200E+0 4.34675E+7 1.61040E-6
3.23890E+0 4.35819E+7 1.60617E-6
3.25920E+0 4.36854E+7 1.60237E-6
3.30220E+0 4.37855E+7 1.59870E-6
3.32120E+0 4.38822E+7 1.59518E-6
3.34030E+0 4.40066E+7 1.59067E-6
3.38140E+0 4.41475E+7 1.58560E-6
3.38140E+0 4.42852E+7 1.58066E-6
3.44120E+0 4.44318E+7 1.57545E-6
3.45940E+0 4.45793E+7 1.57023E-6
3.49920E+0 4.47279E+7 1.56502E-6
3.51780E+0 4.48693E+7 1.56009E-6
3.51780E+0 4.50320E+7 1.55445E-6
3.57860E+0 4.52000E+7 1.54867E-6
3.59840E+0 4.53693E+7 1.54289E-6
3.63880E+0 4.55106E+7 1.53810E-6
3.65740E+0 4.56529E+7 1.53331E-6
3.65740E+0 4.57833E+7 1.52894E-6
3.71740E+0 4.59060E+7 1.52485E-6
3.73490E+0 4.60294E+7 1.52077E-6
3.77630E+0 4.61749E+7 1.51598E-6
3.79520E+0 4.63170E+7 1.51133E-6
3.79520E+0 4.64296E+7 1.50766E-6
3.85560E+0 4.65470E+7 1.50386E-6
3.87300E+0 4.66870E+7 1.49935E-6
3.91430E+0 4.68279E+7 1.49484E-6
3.93330E+0 4.69785E+7 1.49004E-6
3.95090E+0 4.71390E+7 1.48497E-6
3.95090E+0 4.73051E+7 1.47976E-6
3.99110E+0 4.74770E+7 1.47440E-6
4.05130E+0 4.76181E+7 1.47003E-6
4.07240E+0 4.77554E+7 1.46580E-6
4.11330E+0 4.79121E+7 1.46101E-6
4.11330E+0 4.80790E+7 1.45594E-6
4.17340E+0 4.82378E+7 1.45114E-6
4.19180E+0 4.83976E+7 1.44635E-6
4.21020E+0 4.85348E+7 1.44227E-6
4.25000E+0 4.86775E+7 1.43804E-6
4.28640E+0 4.88450E+7 1.43310E-6
4.28640E+0 4.90137E+7 1.42817E-6
4.32880E+0 4.91836E+7 1.42324E-6
4.36550E+0 4.93595E+7 1.41817E-6
4.38340E+0 4.95170E+7 1.41366E-6
4.42590E+0 4.97053E+7 1.40830E-6
4.44370E+0 4.98800E+7 1.40337E-6
4.46260E+0 5.00509E+7 1.39858E-6
4.50570E+0 5.02281E+7 1.39364E-6
4.52470E+0 5.03963E+7 1.38899E-6
4.55780E+0 5.05347E+7 1.38519E-6
4.57620E+0 5.07360E+7 1.37969E-6
4.61910E+0 5.09337E+7 1.37433E-6
4.63720E+0 5.11225E+7 1.36926E-6
4.65570E+0 5.13285E+7 1.36376E-6
4.69490E+0 5.15309E+7 1.35841E-6
4.73220E+0 5.17402E+7 1.35291E-6
4.75170E+0 5.19404E+7 1.34770E-6
4.77040E+0 5.21531E+7 1.34220E-6
4.81090E+0 5.23565E+7 1.33699E-6
4.84640E+0 5.25726E+7 1.33149E-6
4.86500E+0 5.27233E+7 1.32769E-6
4.86500E+0 5.29143E+7 1.32289E-6
4.92240E+0 5.31067E+7 1.31810E-6
4.94210E+0 5.32776E+7 1.31387E-6
4.98070E+0 5.34036E+7 1.31077E-6
4.99710E+0 5.35822E+7 1.30640E-6
5.03600E+0 5.37852E+7 1.30147E-6
5.05390E+0 5.39605E+7 1.29724E-6
5.07270E+0 5.41606E+7 1.29245E-6
5.11680E+0 5.43681E+7 1.28752E-6
5.15300E+0 5.45712E+7 1.28273E-6
5.17110E+0 5.47697E+7 1.27808E-6
5.18860E+0 5.49941E+7 1.27286E-6
5.22780E+0 5.52203E+7 1.26765E-6
5.26740E+0 5.54422E+7 1.26258E-6
5.28490E+0 5.56347E+7 1.25821E-6
5.30210E+0 5.58035E+7 1.25440E-6
5.34450E+0 5.60427E+7 1.24905E-6
5.38030E+0 5.62649E+7 1.24411E-6
5.39830E+0 5.64696E+7 1.23960E-6
5.41660E+0 5.66888E+7 1.23481E-6
5.45830E+0 5.68966E+7 1.23030E-6
5.47510E+0 5.70797E+7 1.22636E-6
5.51140E+0 5.73036E+7 1.22156E-6
5.54720E+0 5.75293E+7 1.21677E-6
5.54720E+0 5.77701E+7 1.21170E-6
5.59100E+0 5.80266E+7 1.20634E-6
5.62900E+0 5.82307E+7 1.20212E-6
5.64570E+0 5.84569E+7 1.19746E-6
5.66400E+0 5.86917E+7 1.19267E-6
5.70330E+0 5.89285E+7 1.18788E-6
5.74050E+0 5.91531E+7 1.18337E-6
5.75990E+0 5.93935E+7 1.17858E-6
5.77990E+0 5.96217E+7 1.17407E-6
5.81770E+0 5.98516E+7 1.16956E-6
5.85440E+0 6.00905E+7 1.16491E-6
5.87240E+0 6.03168E+7 1.16054E-6
5.90930E+0 6.05225E+7 1.15659E-6
5.92770E+0 6.07223E+7 1.15279E-6
5.95060E+0 6.09384E+7 1.14870E-6
5.98780E+0 6.11635E+7 1.14447E-6
6.00550E+0 6.13827E+7 1.14039E-6
6.04240E+0 6.16111E+7 1.13616E-6
6.04240E+0 6.18258E+7 1.13221E-6
6.09960E+0 6.20576E+7 1.12799E-6
6.11810E+0 6.23145E+7 1.12333E-6
6.15510E+0 6.25814E+7 1.11854E-6
6.17190E+0 6.28586E+7 1.11361E-6
6.19140E+0 6.31623E+7 1.10826E-6
6.23230E+0 6.34609E+7 1.10304E-6
6.26900E+0 6.37296E+7 1.09839E-6
6.28780E+0 6.40253E+7 1.09332E-6
6.32320E+0 6.42988E+7 1.08867E-6
6.32320E+0 6.45663E+7 1.08416E-6
6.38070E+0 6.48445E+7 1.07951E-6
6.40040E+0 6.50654E+7 1.07584E-6
6.43800E+0 6.53221E+7 1.07161E-6
6.45630E+0 6.55982E+7 1.06710E-6
6.49950E+0 6.58504E+7 1.06302E-6
6.51690E+0 6.61221E+7 1.05865E-6
6.55330E+0 6.64050E+7 1.05414E-6
6.57080E+0 6.66635E+7 1.05005E-6
6.60660E+0 6.69240E+7 1.04596E-6
6.60660E+0 6.72229E+7 1.04131E-6
6.66570E+0 6.75153E+7 1.03680E-6
6.68430E+0 6.77917E+7 1.03258E-6
6.72140E+0 6.80704E+7 1.02835E-6
6.73920E+0 6.83514E+7 1.02412E-6
6.77480E+0 6.86442E+7 1.01975E-6
6.79280E+0 6.89109E+7 1.01580E-6
6.83440E+0 6.91700E+7 1.01200E-6
6.85160E+0 6.94408E+7 1.00805E-6
6.88870E+0 6.97528E+7 1.00354E-6
6.90470E+0 7.00381E+7 9.99456E-7
6.94070E+0 7.03456E+7 9.95088E-7
6.94070E+0 7.06558E+7 9.90719E-7
6.99970E+0 7.09383E+7 9.86773E-7
7.01830E+0 7.12027E+7 9.83109E-7
7.06120E+0 7.14794E+7 9.79304E-7
7.07930E+0 7.17375E+7 9.75780E-7
7.11680E+0 7.20392E+7 9.71694E-7
7.11680E+0 7.23434E+7 9.67607E-7
7.15900E+0 7.26078E+7 9.64084E-7
7.19510E+0 7.28741E+7 9.60560E-7
7.23170E+0 7.31209E+7 9.57319E-7
7.24950E+0 7.33693E+7 9.54078E-7
7.28530E+0 7.36631E+7 9.50272E-7
7.28530E+0 7.39592E+7 9.46467E-7
7.32520E+0 7.42023E+7 9.43367E-7
7.36220E+0 7.44024E+7 9.40830E-7
7.39750E+0 7.45588E+7 9.38857E-7
7.41600E+0 7.47271E+7 9.36742E-7
7.43470E+0 7.49413E+7 9.34064E-7
7.45170E+0 7.51568E+7 9.31387E-7
7.49390E+0 7.53735E+7 9.28708E-7
7.52930E+0 7.56030E+7 9.25890E-7
7.56450E+0 7.57991E+7 9.23494E-7
7.58310E+0 7.59847E+7 9.21239E-7
7.60210E+0 7.61945E+7 9.18702E-7
7.63850E+0 7.64878E+7 9.15178E-7
7.68020E+0 7.68072E+7 9.11373E-7
7.69750E+0 7.71053E+7 9.07850E-7
7.71680E+0 7.73815E+7 9.04609E-7
7.75240E+0 7.76598E+7 9.01367E-7
7.78910E+0 7.79646E+7 8.97844E-7
7.80830E+0 7.82348E+7 8.94743E-7
7.82690E+0 7.84944E+7 8.91783E-7
7.86860E+0 7.88058E+7 8.88260E-7
7.88680E+0 7.91448E+7 8.84455E-7
7.92220E+0 7.94868E+7 8.80649E-7
7.93940E+0 7.98189E+7 8.76985E-7
7.97510E+0 8.01668E+7 8.73180E-7
8.01090E+0 8.04785E+7 8.69798E-7
8.02770E+0 8.07927E+7 8.66415E-7
8.02770E+0 8.11093E+7 8.63033E-7
8.08960E+0 8.14685E+7 8.59227E-7
8.12490E+0 8.18175E+7 8.55563E-7
8.14150E+0 8.21151E+7 8.52462E-7
8.17800E+0 8.24011E+7 8.49503E-7
8.19530E+0 8.27168E+7 8.46261E-7
8.21350E+0 8.30348E+7 8.43020E-7
8.25540E+0 8.33693E+7 8.39638E-7
8.27320E+0 8.37347E+7 8.35974E-7
8.30990E+0 8.40748E+7 8.32592E-7
8.34600E+0 8.44321E+7 8.29069E-7
8.36280E+0 8.47924E+7 8.25545E-7
8.38160E+0 8.51704E+7 8.21881E-7
8.41880E+0 8.55961E+7 8.17795E-7
8.45950E+0 8.59962E+7 8.13990E-7
8.47750E+0 8.63250E+7 8.10889E-7
8.51470E+0 8.66413E+7 8.07929E-7
8.51470E+0 8.69446E+7 8.05110E-7
8.56950E+0 8.72654E+7 8.02151E-7
8.58810E+0 8.76504E+7 7.98627E-7
8.62380E+0 8.79764E+7 7.95668E-7
8.64370E+0 8.82892E+7 7.92849E-7
8.68540E+0 8.85726E+7 7.90312E-7
8.70300E+0 8.88737E+7 7.87634E-7
8.73910E+0 8.92570E+7 7.84252E-7
8.75710E+0 8.96598E+7 7.80729E-7
8.79190E+0 9.00662E+7 7.77206E-7
8.81060E+0 9.04928E+7 7.73542E-7
8.84520E+0 9.09568E+7 7.69596E-7
8.84520E+0 9.13584E+7 7.66213E-7
8.90230E+0 9.18483E+7 7.62126E-7
8.91990E+0 9.23092E+7 7.58321E-7
8.95770E+0 9.27920E+7 7.54375E-7
8.97520E+0 9.32450E+7 7.50711E-7
9.01270E+0 9.36847E+7 7.47187E-7
9.04890E+0 9.41286E+7 7.43664E-7
9.06740E+0 9.45947E+7 7.39999E-7
9.08590E+0 9.50655E+7 7.36335E-7
9.12760E+0 9.55409E+7 7.32670E-7
9.16380E+0 9.60212E+7 7.29006E-7
9.18110E+0 9.63939E+7 7.26187E-7
9.19860E+0 9.68261E+7 7.22946E-7
9.23450E+0 9.73384E+7 7.19140E-7
9.27170E+0 9.78177E+7 7.15617E-7
9.28990E+0 9.84966E+7 7.10685E-7
9.30730E+0 9.92643E+7 7.05188E-7
9.34870E+0 1.00024E+8 6.99833E-7
9.36610E+0 1.00714E+8 6.95041E-7
9.40400E+0 1.01413E+8 6.90249E-7
9.44050E+0 1.02206E+8 6.84894E-7
9.45820E+0 1.03033E+8 6.79397E-7
9.49480E+0 1.03960E+8 6.73337E-7
9.53030E+0 1.04793E+8 6.67982E-7
9.53030E+0 1.05640E+8 6.62626E-7
9.57130E+0 1.06273E+8 6.58680E-7
9.60780E+0 1.06891E+8 6.54875E-7
9.62570E+0 1.07609E+8 6.50506E-7
9.66140E+0 1.08360E+8 6.45997E-7
9.67950E+0 1.09098E+8 6.41627E-7
9.71660E+0 1.09846E+8 6.37259E-7
9.73470E+0 1.10579E+8 6.33030E-7
9.76990E+0 1.11198E+8 6.29507E-7
9.78810E+0 1.11925E+8 6.25420E-7
9.82880E+0 1.12917E+8 6.19924E-7
9.84570E+0 1.13823E+8 6.14992E-7
9.88320E+0 1.14637E+8 6.10623E-7
9.92000E+0 1.15463E+8 6.06254E-7
9.93780E+0 1.16356E+8 6.01603E-7
9.97470E+0 1.17290E+8 5.96811E-7
9.99230E+0 1.18127E+8 5.92583E-7
1.00114E+1 1.19004E+8 5.88215E-7
1.00541E+1 1.19837E+8 5.84128E-7
1.00771E+1 1.20887E+8 5.79054E-7
1.01126E+1 1.21716E+8 5.75108E-7
1.01305E+1 1.22527E+8 5.71304E-7
1.01655E+1 1.22891E+8 5.69612E-7
1.01831E+1 1.23134E+8 5.68485E-7
1.02200E+1 1.23471E+8 5.66935E-7
1.02375E+1 1.23779E+8 5.65525E-7
1.02727E+1 1.24181E+8 5.63693E-7
1.02904E+1 1.24586E+8 5.61861E-7
1.03299E+1 1.25183E+8 5.59184E-7
1.03485E+1 1.25594E+8 5.57351E-7
1.03844E+1 1.26136E+8 5.54955E-7
1.04225E+1 1.26716E+8 5.52418E-7
1.04407E+1 1.27989E+8 5.46922E-7
1.04778E+1 1.29491E+8 5.40580E-7
1.04952E+1 1.30890E+8 5.34802E-7
1.05313E+1 1.32425E+8 5.28601E-7
1.05494E+1 1.34033E+8 5.22259E-7
1.05677E+1 1.35681E+8 5.15917E-7
1.06096E+1 1.37445E+8 5.09293E-7
1.06467E+1 1.39257E+8 5.02670E-7
1.06641E+1 1.41156E+8 4.95905E-7
1.07003E+1 1.43232E+8 4.88717E-7
1.07179E+1 1.45328E+8 4.81670E-7
1.07541E+1 1.47442E+8 4.74765E-7
1.07720E+1 1.49708E+8 4.67577E-7
1.08083E+1 1.51999E+8 4.60530E-7
1.08435E+1 1.54457E+8 4.53202E-7
1.08435E+1 1.57095E+8 4.45591E-7
1.08843E+1 1.59568E+8 4.38686E-7
1.09209E+1 1.62067E+8 4.31921E-7
1.09389E+1 1.64591E+8 4.25297E-7
1.09755E+1 1.67251E+8 4.18532E-7
1.10098E+1 1.69999E+8 4.11768E-7
1.10293E+1 1.73019E+8 4.04580E-7
1.10655E+1 1.75899E+8 3.97956E-7
1.10823E+1 1.79005E+8 3.91051E-7
1.11196E+1 1.82558E+8 3.83440E-7
1.11385E+1 1.86115E+8 3.76112E-7
1.11796E+1 1.89886E+8 3.68642E-7
1.11975E+1 1.94268E+8 3.60327E-7
1.12342E+1 1.98539E+8 3.52576E-7
1.12517E+1 2.02836E+8 3.45106E-7
1.12873E+1 2.07237E+8 3.37778E-7
1.13054E+1 2.11562E+8 3.30872E-7
1.13418E+1 2.16166E+8 3.23826E-7
1.13595E+1 2.20778E+8 3.17061E-7
1.13957E+1 2.24876E+8 3.11283E-7
1.14129E+1 2.29023E+8 3.05646E-7
1.14303E+1 2.32889E+8 3.00572E-7
1.14709E+1 2.36662E+8 2.95781E-7
1.15080E+1 2.40442E+8 2.91130E-7
1.15258E+1 2.44105E+8 2.86761E-7
1.15636E+1 2.47511E+8 2.82815E-7
1.16000E+1 2.50760E+8 2.79151E-7
1.16179E+1 2.54356E+8 2.75205E-7
1.16346E+1 2.57521E+8 2.71823E-7
1.16721E+1 2.60356E+8 2.68863E-7
1.17069E+1 2.63254E+8 2.65903E-7
1.17252E+1 2.66360E+8 2.62803E-7
1.17446E+1 2.68665E+8 2.60548E-7
1.17856E+1 2.71306E+8 2.58011E-7
1.18040E+1 2.73547E+8 2.55897E-7
1.18405E+1 2.75979E+8 2.53642E-7
1.18763E+1 2.78299E+8 2.51528E-7
1.18943E+1 2.80025E+8 2.49978E-7
1.19295E+1 2.81453E+8 2.48710E-7
1.19469E+1 2.82734E+8 2.47582E-7
1.19819E+1 2.84028E+8 2.46455E-7
1.20002E+1 2.85497E+8 2.45186E-7
1.20359E+1 2.86650E+8 2.44200E-7
1.20535E+1 2.87314E+8 2.43636E-7
1.20935E+1 2.88650E+8 2.42509E-7
1.21106E+1 2.89659E+8 2.41663E-7
1.21470E+1 2.90676E+8 2.40818E-7
1.21839E+1 2.91701E+8 2.39972E-7
1.22031E+1 2.92732E+8 2.39127E-7
1.22393E+1 2.93945E+8 2.38140E-7
1.22566E+1 2.95343E+8 2.37012E-7
1.22938E+1 2.96224E+8 2.36308E-7
1.23125E+1 2.97288E+8 2.35462E-7
1.23470E+1 2.98180E+8 2.34757E-7
1.23648E+1 2.98718E+8 2.34334E-7
1.24083E+1 2.98360E+8 2.34616E-7
1.24264E+1 2.97645E+8 2.35180E-7
1.24264E+1 2.97289E+8 2.35461E-7
1.24810E+1 2.96933E+8 2.35743E-7
1.25169E+1 2.96579E+8 2.36025E-7
1.25350E+1 2.96048E+8 2.36448E-7
1.25707E+1 2.95344E+8 2.37012E-7
1.26064E+1 2.94469E+8 2.37716E-7
1.26237E+1 2.93946E+8 2.38139E-7
1.26418E+1 2.93425E+8 2.38562E-7
1.26779E+1 2.93251E+8 2.38703E-7
1.27141E+1 2.92905E+8 2.38985E-7
1.27141E+1 2.92216E+8 2.39549E-7
1.27730E+1 2.91529E+8 2.40113E-7
1.27920E+1 2.90336E+8 2.41100E-7
1.28087E+1 2.88817E+8 2.42368E-7
1.28442E+1 2.87646E+8 2.43355E-7
1.28805E+1 2.86485E+8 2.44341E-7
1.28986E+1 2.85169E+8 2.45469E-7
1.29343E+1 2.83703E+8 2.46737E-7
1.29531E+1 2.82734E+8 2.47583E-7
1.29894E+1 2.81771E+8 2.48428E-7
1.30074E+1 2.80816E+8 2.49274E-7
1.30425E+1 2.79709E+8 2.50260E-7
1.30626E+1 2.78455E+8 2.51388E-7
1.31104E+1 2.77366E+8 2.52374E-7
1.31279E+1 2.75673E+8 2.53924E-7
1.31279E+1 2.74000E+8 2.55474E-7
1.31823E+1 2.72348E+8 2.57024E-7
1.32177E+1 2.70863E+8 2.58434E-7
1.32355E+1 2.69248E+8 2.59984E-7
1.32717E+1 2.67076E+8 2.62098E-7
1.32898E+1 2.64939E+8 2.64212E-7
1.33256E+1 2.62975E+8 2.66185E-7
1.33613E+1 2.61453E+8 2.67735E-7
1.33790E+1 2.59405E+8 2.69849E-7
1.34154E+1 2.56989E+8 2.72386E-7
1.34334E+1 2.54617E+8 2.74922E-7
1.34334E+1 2.52033E+8 2.77741E-7
1.34922E+1 2.49376E+8 2.80701E-7
1.35284E+1 2.46897E+8 2.83519E-7
1.35456E+1 2.44707E+8 2.86056E-7
1.35641E+1 2.42320E+8 2.88875E-7
1.36003E+1 2.39862E+8 2.91834E-7
1.36356E+1 2.37001E+8 2.95358E-7
1.36532E+1 2.33986E+8 2.99163E-7
1.36907E+1 2.31586E+8 3.02263E-7
1.37085E+1 2.29235E+8 3.05364E-7
1.37455E+1 2.26827E+8 3.08605E-7
1.37645E+1 2.24166E+8 3.12269E-7
1.37811E+1 2.21270E+8 3.16356E-7
1.38239E+1 2.17968E+8 3.21148E-7
1.38600E+1 2.14764E+8 3.25939E-7
1.38771E+1 2.11472E+8 3.31013E-7
1.39126E+1 2.07931E+8 3.36650E-7
1.39302E+1 2.04759E+8 3.41865E-7
1.39666E+1 2.01601E+8 3.47220E-7
1.40027E+1 1.98460E+8 3.52717E-7
1.40207E+1 1.95184E+8 3.58636E-7
1.40569E+1 1.92089E+8 3.64414E-7
1.40752E+1 1.88947E+8 3.70475E-7
1.41112E+1 1.86115E+8 3.76112E-7
1.41292E+1 1.83096E+8 3.82313E-7
1.41649E+1 1.79783E+8 3.89359E-7
1.41833E+1 1.76901E+8 3.95701E-7
1.42228E+1 1.73806E+8 4.02748E-7
1.42411E+1 1.70876E+8 4.09653E-7
1.42771E+1 1.67590E+8 4.17686E-7
1.42946E+1 1.64537E+8 4.25438E-7
1.43325E+1 1.61225E+8 4.34175E-7
1.43684E+1 1.58095E+8 4.42772E-7
1.43865E+1 1.54987E+8 4.51651E-7
1.44227E+1 1.51860E+8 4.60952E-7
1.44401E+1 1.48900E+8 4.70113E-7
1.44771E+1 1.45754E+8 4.80260E-7
1.44958E+1 1.42656E+8 4.90690E-7
1.45322E+1 1.39570E+8 5.01542E-7
1.45499E+1 1.36614E+8 5.12394E-7
1.45937E+1 1.33493E+8 5.24373E-7
1.46118E+1 1.30477E+8 5.36493E-7
1.46473E+1 1.27300E+8 5.49881E-7
1.46648E+1 1.24119E+8 5.63974E-7
1.47007E+1 1.21211E+8 5.77504E-7
1.47185E+1 1.18352E+8 5.91456E-7
1.47539E+1 1.15517E+8 6.05972E-7
1.47897E+1 1.12789E+8 6.20628E-7
1.48075E+1 1.10089E+8 6.35849E-7
1.48253E+1 1.07306E+8 6.52338E-7
1.48613E+1 1.04705E+8 6.68545E-7
1.48967E+1 1.01975E+8 6.86443E-7
1.49142E+1 9.94433E+7 7.03919E-7
1.49501E+1 9.70153E+7 7.21535E-7
1.49681E+1 9.45409E+7 7.40420E-7
1.49864E+1 9.20187E+7 7.60715E-7
1.50264E+1 8.97086E+7 7.80304E-7
1.50626E+1 8.73730E+7 8.01162E-7
1.50814E+1 8.50540E+7 8.23007E-7
1.51173E+1 8.28824E+7 8.44570E-7
1.51545E+1 8.06616E+7 8.67823E-7
1.51737E+1 7.86188E+7 8.90373E-7
1.52063E+1 7.65823E+7 9.14049E-7
1.52260E+1 7.45927E+7 9.38430E-7
1.52452E+1 7.25445E+7 9.64925E-7
1.52799E+1 7.06761E+7 9.90433E-7
1.53151E+1 6.87585E+7 1.01806E-6
1.53340E+1 6.69241E+7 1.04596E-6
1.53694E+1 6.50826E+7 1.07556E-6
1.53883E+1 6.33559E+7 1.10487E-6
1.54067E+1 6.16724E+7 1.13503E-6
1.54494E+1 6.00543E+7 1.16561E-6
1.54856E+1 5.84914E+7 1.19676E-6
1.55035E+1 5.69489E+7 1.22917E-6
1.55394E+1 5.54609E+7 1.26215E-6
1.55575E+1 5.40017E+7 1.29626E-6
1.55936E+1 5.26173E+7 1.33036E-6
1.56113E+1 5.12386E+7 1.36616E-6
1.56463E+1 4.99907E+7 1.40026E-6
1.56641E+1 4.87302E+7 1.43648E-6
1.57004E+1 4.75090E+7 1.47341E-6
1.57361E+1 4.63129E+7 1.51146E-6
1.57538E+1 4.51592E+7 1.55007E-6
1.57893E+1 4.40420E+7 1.58939E-6
1.58073E+1 4.30234E+7 1.62702E-6
1.58439E+1 4.20011E+7 1.66662E-6
1.58618E+1 4.10330E+7 1.70594E-6
1.59031E+1 4.01053E+7 1.74540E-6
1.59205E+1 3.91785E+7 1.78670E-6
1.59573E+1 3.82875E+7 1.82827E-6
1.59748E+1 3.74447E+7 1.86942E-6
1.60111E+1 3.66247E+7 1.91128E-6
1.60300E+1 3.58294E+7 1.95370E-6
1.60657E+1 3.50730E+7 1.99584E-6
1.61010E+1 3.43169E+7 2.03981E-6
1.61248E+1 3.36087E+7 2.08280E-6
1.61426E+1 3.29051E+7 2.12733E-6
1.61799E+1 3.22408E+7 2.17116E-6
1.61977E+1 3.15928E+7 2.21570E-6
1.62334E+1 3.09722E+7 2.26009E-6
1.62701E+1 3.03644E+7 2.30533E-6
1.62867E+1 2.97890E+7 2.34986E-6
1.63066E+1 2.92229E+7 2.39538E-6
1.63482E+1 2.86779E+7 2.44090E-6
1.63663E+1 2.81561E+7 2.48614E-6
1.64024E+1 2.76513E+7 2.53152E-6
1.64205E+1 2.71600E+7 2.57732E-6
1.64567E+1 2.66814E+7 2.62355E-6
1.64923E+1 2.62236E+7 2.66935E-6
1.65100E+1 2.57812E+7 2.71515E-6
1.65462E+1 2.53600E+7 2.76025E-6
1.65642E+1 2.49461E+7 2.80606E-6
1.66001E+1 2.45490E+7 2.85144E-6
1.66181E+1 2.41645E+7 2.89682E-6
1.66539E+1 2.37883E+7 2.94262E-6
1.66899E+1 2.34204E+7 2.98884E-6
1.67073E+1 2.30723E+7 3.03394E-6
1.67433E+1 2.27375E+7 3.07862E-6
1.67612E+1 2.24112E+7 3.12343E-6
1.67793E+1 2.20893E+7 3.16896E-6
1.68209E+1 2.17784E+7 3.21419E-6
1.68558E+1 2.14780E+7 3.25915E-6
1.68742E+1 2.11866E+7 3.30397E-6
1.69109E+1 2.09031E+7 3.34878E-6
1.69292E+1 2.06331E+7 3.39261E-6
1.69673E+1 2.03732E+7 3.43588E-6
1.69836E+1 2.01150E+7 3.47999E-6
1.70205E+1 1.98664E+7 3.52354E-6
1.70383E+1 1.96215E+7 3.56751E-6
1.70742E+1 1.93879E+7 3.61049E-6
1.71116E+1 1.91576E+7 3.65390E-6
1.71295E+1 1.89349E+7 3.69688E-6
1.71656E+1 1.87229E+7 3.73874E-6
1.71832E+1 1.85135E+7 3.78102E-6
1.72204E+1 1.83108E+7 3.82288E-6
1.72385E+1 1.81158E+7 3.86403E-6
1.72805E+1 1.79269E+7 3.90476E-6
1.72985E+1 1.77412E+7 3.94563E-6
1.73345E+1 1.75649E+7 3.98523E-6
1.73524E+1 1.73890E+7 4.02554E-6
1.73880E+1 1.72196E+7 4.06514E-6
1.74058E+1 1.70582E+7 4.10361E-6
1.74412E+1 1.68963E+7 4.14293E-6
1.74769E+1 1.67414E+7 4.18126E-6
1.74945E+1 1.65909E+7 4.21918E-6
1.75302E+1 1.64394E+7 4.25807E-6
1.75479E+1 1.62938E+7 4.29612E-6
1.75830E+1 1.61528E+7 4.33361E-6
1.76011E+1 1.60112E+7 4.37195E-6
1.76361E+1 1.58776E+7 4.40873E-6
1.76537E+1 1.57487E+7 4.44481E-6
1.76893E+1 1.56175E+7 4.48215E-6
1.77069E+1 1.54918E+7 4.51851E-6
1.77424E+1 1.53686E+7 4.55473E-6
1.77424E+1 1.52497E+7 4.59025E-6
1.78002E+1 1.51363E+7 4.62463E-6
1.78179E+1 1.50242E+7 4.65916E-6
1.78518E+1 1.49123E+7 4.69411E-6
1.78708E+1 1.48083E+7 4.72709E-6
1.79039E+1 1.47035E+7 4.76077E-6
1.79228E+1 1.46019E+7 4.79389E-6
1.79548E+1 1.45047E+7 4.82603E-6
1.79902E+1 1.44092E+7 4.85802E-6
1.80066E+1 1.43170E+7 4.88930E-6
1.80380E+1 1.42263E+7 4.92045E-6
1.80551E+1 1.41377E+7 4.95131E-6
1.80869E+1 1.40521E+7 4.98147E-6
1.81044E+1 1.39703E+7 5.01064E-6
1.81359E+1 1.38894E+7 5.03982E-6
1.81712E+1 1.38129E+7 5.06772E-6
1.81899E+1 1.37380E+7 5.09534E-6
1.82228E+1 1.36643E+7 5.12283E-6
1.82422E+1 1.35914E+7 5.15031E-6
1.82832E+1 1.35219E+7 5.17681E-6
1.83009E+1 1.34541E+7 5.20288E-6
1.83372E+1 1.33863E+7 5.22923E-6
1.83552E+1 1.33192E+7 5.25559E-6
1.83926E+1 1.32527E+7 5.28194E-6
1.84110E+1 1.31890E+7 5.30745E-6
1.84484E+1 1.31259E+7 5.33296E-6
1.84674E+1 1.30628E+7 5.35875E-6
1.85054E+1 1.30019E+7 5.38383E-6
1.85240E+1 1.29440E+7 5.40793E-6
1.85626E+1 1.28862E+7 5.43217E-6
1.85821E+1 1.28273E+7 5.45712E-6
1.86199E+1 1.27722E+7 5.48065E-6
1.86577E+1 1.27195E+7 5.50334E-6
1.86772E+1 1.26654E+7 5.52688E-6
1.87156E+1 1.26088E+7 5.55168E-6
1.87349E+1 1.25524E+7 5.57663E-6
1.87729E+1 1.24952E+7 5.60214E-6
1.87920E+1 1.24392E+7 5.62736E-6
1.88345E+1 1.23840E+7 5.65245E-6
1.88512E+1 1.23287E+7 5.67782E-6
1.88913E+1 1.22754E+7 5.70248E-6
1.89094E+1 1.22213E+7 5.72770E-6
1.89462E+1 1.21677E+7 5.75293E-6
1.89843E+1 1.21181E+7 5.77647E-6
1.90028E+1 1.20704E+7 5.79930E-6
1.90202E+1 1.20251E+7 5.82114E-6
1.90584E+1 1.19822E+7 5.84200E-6
1.90966E+1 1.19393E+7 5.86300E-6
1.91154E+1 1.18981E+7 5.88329E-6
1.91326E+1 1.18572E+7 5.90359E-6
1.91750E+1 1.18169E+7 5.92374E-6
1.92099E+1 1.17787E+7 5.94291E-6
1.92293E+1 1.17420E+7 5.96151E-6
1.92655E+1 1.17049E+7 5.98040E-6
1.92834E+1 1.16697E+7 5.99844E-6
1.93189E+1 1.16361E+7 6.01577E-6
1.93387E+1 1.16021E+7 6.03339E-6
1.93800E+1 1.15702E+7 6.05001E-6
1.93975E+1 1.15382E+7 6.06679E-6
1.94328E+1 1.15078E+7 6.08285E-6
1.94504E+1 1.14782E+7 6.09850E-6
1.94859E+1 1.14481E+7 6.11456E-6
1.95032E+1 1.14178E+7 6.13077E-6
1.95385E+1 1.13898E+7 6.14585E-6
1.95732E+1 1.13617E+7 6.16107E-6
1.95732E+1 1.13326E+7 6.17685E-6
1.96083E+1 1.13061E+7 6.19137E-6
1.96435E+1 1.12801E+7 6.20560E-6
1.96783E+1 1.12536E+7 6.22026E-6
1.96959E+1 1.12281E+7 6.23435E-6
1.97314E+1 1.12015E+7 6.24915E-6
1.97488E+1 1.11766E+7 6.26310E-6
1.97847E+1 1.11527E+7 6.27649E-6
1.98027E+1 1.11292E+7 6.28974E-6
1.98389E+1 1.11058E+7 6.30299E-6
1.98568E+1 1.10843E+7 6.31525E-6
1.98925E+1 1.10633E+7 6.32723E-6
1.99336E+1 1.10412E+7 6.33991E-6
1.99509E+1 1.10201E+7 6.35203E-6
1.99695E+1 1.10001E+7 6.36359E-6
2.00036E+1 1.09804E+7 6.37501E-6
2.00423E+1 1.09610E+7 6.38628E-6
2.00593E+1 1.09434E+7 6.39657E-6
2.00972E+1 1.09258E+7 6.40685E-6
2.01156E+1 1.09085E+7 6.41700E-6
2.01537E+1 1.08899E+7 6.42799E-6
2.01704E+1 1.08713E+7 6.43898E-6
2.02083E+1 1.08527E+7 6.44998E-6
2.02251E+1 1.08364E+7 6.45970E-6
2.02629E+1 1.08201E+7 6.46943E-6
2.03005E+1 1.08048E+7 6.47859E-6
2.03163E+1 1.07889E+7 6.48817E-6
2.03525E+1 1.07727E+7 6.49790E-6
2.03710E+1 1.07561E+7 6.50791E-6
2.04075E+1 1.07396E+7 6.51792E-6
2.04247E+1 1.07246E+7 6.52707E-6
2.04465E+1 1.07105E+7 6.53567E-6
2.04887E+1 1.06985E+7 6.54300E-6
2.05247E+1 1.06849E+7 6.55131E-6
2.05424E+1 1.06707E+7 6.56005E-6
2.05781E+1 1.06567E+7 6.56865E-6
2.05964E+1 1.06446E+7 6.57612E-6
2.06313E+1 1.06325E+7 6.58359E-6
2.06495E+1 1.06209E+7 6.59077E-6
2.06851E+1 1.06107E+7 6.59711E-6
2.07208E+1 1.05989E+7 6.60444E-6
2.07385E+1 1.05872E+7 6.61177E-6
2.07740E+1 1.05755E+7 6.61910E-6
2.07919E+1 1.05635E+7 6.62657E-6
2.08274E+1 1.05525E+7 6.63347E-6
2.08450E+1 1.05416E+7 6.64038E-6
2.08807E+1 1.05302E+7 6.64757E-6
2.09169E+1 1.05181E+7 6.65518E-6
2.09349E+1 1.05068E+7 6.66236E-6
2.09530E+1 1.04959E+7 6.66927E-6
2.09889E+1 1.04873E+7 6.67477E-6
2.10247E+1 1.04775E+7 6.68097E-6
2.10423E+1 1.04672E+7 6.68759E-6
2.10423E+1 1.04581E+7 6.69337E-6
2.10996E+1 1.04487E+7 6.69943E-6
2.11352E+1 1.04405E+7 6.70465E-6
2.11551E+1 1.04309E+7 6.71084E-6
2.11914E+1 1.04221E+7 6.71648E-6
2.12086E+1 1.04143E+7 6.72155E-6
2.12466E+1 1.04066E+7 6.72649E-6
2.12632E+1 1.03981E+7 6.73199E-6
2.12999E+1 1.03910E+7 6.73663E-6
2.13178E+1 1.03836E+7 6.74143E-6
2.13551E+1 1.03762E+7 6.74622E-6
2.13706E+1 1.03686E+7 6.75115E-6
2.14099E+1 1.03606E+7 6.75637E-6
2.14440E+1 1.03541E+7 6.76059E-6
2.14649E+1 1.03477E+7 6.76482E-6
2.15006E+1 1.03397E+7 6.77004E-6
2.15181E+1 1.03311E+7 6.77567E-6
2.15540E+1 1.03236E+7 6.78061E-6
2.15721E+1 1.03158E+7 6.78568E-6
2.16071E+1 1.03077E+7 6.79103E-6
2.16272E+1 1.03002E+7 6.79596E-6
2.16692E+1 1.02936E+7 6.80034E-6
2.16871E+1 1.02876E+7 6.80428E-6
2.16871E+1 1.02819E+7 6.80809E-6
2.17596E+1 1.02749E+7 6.81274E-6
2.17780E+1 1.02694E+7 6.81640E-6
2.18142E+1 1.02638E+7 6.82007E-6
2.18321E+1 1.02577E+7 6.82416E-6
2.18681E+1 1.02511E+7 6.82852E-6
2.18860E+1 1.02463E+7 6.83177E-6
2.19218E+1 1.02410E+7 6.83529E-6
2.19396E+1 1.02351E+7 6.83924E-6
2.19757E+1 1.02292E+7 6.84318E-6
2.20119E+1 1.02229E+7 6.84741E-6
2.20295E+1 1.02180E+7 6.85065E-6
2.20475E+1 1.02132E+7 6.85389E-6
2.20834E+1 1.02081E+7 6.85727E-6
2.21195E+1 1.02033E+7 6.86051E-6
2.21374E+1 1.01993E+7 6.86319E-6
2.21551E+1 1.01947E+7 6.86629E-6
2.21962E+1 1.01899E+7 6.86953E-6
2.22323E+1 1.01860E+7 6.87220E-6
2.22500E+1 1.01816E+7 6.87517E-6
2.22681E+1 1.01772E+7 6.87813E-6
2.23088E+1 1.01724E+7 6.88137E-6
2.23259E+1 1.01676E+7 6.88461E-6
2.23620E+1 1.01632E+7 6.88757E-6
2.23969E+1 1.01593E+7 6.89025E-6
2.24146E+1 1.01549E+7 6.89320E-6
2.24507E+1 1.01512E+7 6.89574E-6
2.24701E+1 1.01475E+7 6.89828E-6
2.25077E+1 1.01435E+7 6.90096E-6
2.25264E+1 1.01402E+7 6.90321E-6
2.25618E+1 1.01369E+7 6.90546E-6
2.25787E+1 1.01340E+7 6.90744E-6
2.26169E+1 1.01311E+7 6.90941E-6
2.26342E+1 1.01274E+7 6.91195E-6
2.26704E+1 1.01237E+7 6.91449E-6
2.27046E+1 1.01200E+7 6.91702E-6
2.27239E+1 1.01160E+7 6.91970E-6
2.27615E+1 1.01123E+7 6.92224E-6
2.27782E+1 1.01088E+7 6.92464E-6
2.28135E+1 1.01053E+7 6.92703E-6
2.28335E+1 1.01021E+7 6.92929E-6
2.28679E+1 1.00986E+7 6.93168E-6
2.28861E+1 1.00949E+7 6.93422E-6
2.29305E+1 1.00924E+7 6.93591E-6
2.29487E+1 1.00887E+7 6.93844E-6
2.29845E+1 1.00850E+7 6.94098E-6
2.30021E+1 1.00818E+7 6.94324E-6
2.30380E+1 1.00787E+7 6.94535E-6
2.30742E+1 1.00756E+7 6.94746E-6
2.30920E+1 1.00717E+7 6.95014E-6
2.31282E+1 1.00677E+7 6.95296E-6
2.31460E+1 1.00638E+7 6.95564E-6
2.31817E+1 1.00607E+7 6.95775E-6
2.31996E+1 1.00579E+7 6.95972E-6
2.32357E+1 1.00558E+7 6.96114E-6
2.32535E+1 1.00536E+7 6.96268E-6
2.32894E+1 1.00514E+7 6.96423E-6
2.33252E+1 1.00493E+7 6.96565E-6
2.33432E+1 1.00471E+7 6.96719E-6
2.33788E+1 1.00453E+7 6.96846E-6
2.33968E+1 1.00440E+7 6.96931E-6
2.34326E+1 1.00428E+7 6.97015E-6
2.34507E+1 1.00410E+7 6.97142E-6
2.34865E+1 1.00382E+7 6.97340E-6
2.35221E+1 1.00357E+7 6.97508E-6
2.35396E+1 1.00335E+7 6.97664E-6
2.35761E+1 1.00313E+7 6.97819E-6
2.35761E+1 1.00284E+7 6.98016E-6
2.36168E+1 1.00258E+7 6.98199E-6
2.36511E+1 1.00232E+7 6.98383E-6
2.36690E+1 1.00203E+7 6.98580E-6
2.37041E+1 1.00175E+7 6.98777E-6
2.37418E+1 1.00147E+7 6.98974E-6
2.37609E+1 1.00129E+7 6.99101E-6
2.37973E+1 1.00110E+7 6.99228E-6
2.38129E+1 1.00096E+7 6.99327E-6
2.38537E+1 1.00076E+7 6.99468E-6
2.38702E+1 1.00060E+7 6.99580E-6
2.39090E+1 1.00044E+7 6.99694E-6
2.39430E+1 1.00032E+7 6.99778E-6
2.39605E+1 1.00020E+7 6.99863E-6
2.39973E+1 1.00008E+7 6.99947E-6
2.40165E+1 9.99935E+6 7.00046E-6
2.40532E+1 9.99774E+6 7.00158E-6
2.40697E+1 9.99613E+6 7.00271E-6
2.41059E+1 9.99452E+6 7.00384E-6
2.41257E+1 9.99331E+6 7.00468E-6
2.41609E+1 9.99231E+6 7.00539E-6
2.41974E+1 9.99131E+6 7.00609E-6
2.42141E+1 9.98990E+6 7.00708E-6
2.42335E+1 9.98910E+6 7.00764E-6
2.42761E+1 9.98769E+6 7.00863E-6
2.42939E+1 9.98669E+6 7.00933E-6
2.43296E+1 9.98589E+6 7.00989E-6
2.43654E+1 9.98508E+6 7.01046E-6
2.43834E+1 9.98368E+6 7.01144E-6
2.44194E+1 9.98207E+6 7.01257E-6
2.44371E+1 9.98047E+6 7.01370E-6
2.44727E+1 9.97826E+6 7.01525E-6
2.44903E+1 9.97626E+6 7.01666E-6
2.45259E+1 9.97406E+6 7.01821E-6
2.45615E+1 9.97245E+6 7.01934E-6
2.45793E+1 9.97025E+6 7.02089E-6
2.45971E+1 9.96805E+6 7.02244E-6
2.46330E+1 9.96565E+6 7.02413E-6
2.46508E+1 9.96385E+6 7.02540E-6
2.46864E+1 9.96245E+6 7.02638E-6
2.47226E+1 9.96106E+6 7.02737E-6
2.47406E+1 9.96026E+6 7.02793E-6
2.47764E+1 9.95965E+6 7.02836E-6
2.47938E+1 9.95925E+6 7.02864E-6
2.48296E+1 9.95846E+6 7.02920E-6
2.48479E+1 9.95766E+6 7.02977E-6
2.48837E+1 9.95686E+6 7.03033E-6
2.49201E+1 9.95626E+6 7.03075E-6
2.49381E+1 9.95526E+6 7.03146E-6
2.49743E+1 9.95427E+6 7.03216E-6
2.49743E+1 9.95327E+6 7.03287E-6
2.50133E+1 9.95227E+6 7.03357E-6
2.50507E+1 9.95108E+6 7.03441E-6
2.50862E+1 9.94948E+6 7.03554E-6
2.51071E+1 9.94809E+6 7.03653E-6
2.51415E+1 9.94669E+6 7.03751E-6
2.51581E+1 9.94570E+6 7.03822E-6
2.51776E+1 9.94510E+6 7.03864E-6
2.52211E+1 9.94490E+6 7.03878E-6
2.52395E+1 9.94450E+6 7.03907E-6
2.52741E+1 9.94350E+6 7.03977E-6
2.53120E+1 9.94231E+6 7.04062E-6
2.53296E+1 9.94132E+6 7.04132E-6
2.53655E+1 9.94052E+6 7.04189E-6
2.53827E+1 9.94012E+6 7.04217E-6
2.54188E+1 9.94012E+6 7.04217E-6
2.54371E+1 9.93952E+6 7.04259E-6
2.54728E+1 9.93773E+6 7.04386E-6
2.55112E+1 9.93594E+6 7.04513E-6
2.55289E+1 9.93535E+6 7.04555E-6
2.55650E+1 9.93555E+6 7.04541E-6
2.55821E+1 9.93575E+6 7.04527E-6
2.56200E+1 9.93535E+6 7.04555E-6
2.56383E+1 9.93436E+6 7.04626E-6
2.56739E+1 9.93277E+6 7.04738E-6
2.56920E+1 9.93118E+6 7.04851E-6
2.57350E+1 9.93019E+6 7.04921E-6
2.57530E+1 9.92999E+6 7.04935E-6
2.57884E+1 9.92999E+6 7.04935E-6
2.58066E+1 9.92860E+6 7.05034E-6
2.58424E+1 9.92682E+6 7.05161E-6
2.58604E+1 9.92503E+6 7.05288E-6
2.58961E+1 9.92364E+6 7.05386E-6
2.59316E+1 9.92265E+6 7.05457E-6
2.59492E+1 9.92206E+6 7.05499E-6
2.59850E+1 9.92107E+6 7.05569E-6
2.60031E+1 9.91968E+6 7.05668E-6
2.60384E+1 9.91849E+6 7.05753E-6
2.60563E+1 9.91710E+6 7.05851E-6
2.60921E+1 9.91592E+6 7.05936E-6
2.61101E+1 9.91493E+6 7.06006E-6
2.61456E+1 9.91414E+6 7.06062E-6
2.61817E+1 9.91355E+6 7.06105E-6
2.61996E+1 9.91315E+6 7.06133E-6
2.62355E+1 9.91276E+6 7.06161E-6
2.62537E+1 9.91276E+6 7.06161E-6
2.62896E+1 9.91216E+6 7.06203E-6
2.63076E+1 9.91137E+6 7.06260E-6
2.63436E+1 9.91098E+6 7.06288E-6
2.63795E+1 9.91078E+6 7.06302E-6
2.63976E+1 9.91058E+6 7.06316E-6
2.64331E+1 9.91038E+6 7.06330E-6
2.64510E+1 9.91018E+6 7.06344E-6
2.64691E+1 9.90939E+6 7.06401E-6
2.65092E+1 9.90840E+6 7.06471E-6
2.65443E+1 9.90761E+6 7.06527E-6
2.65620E+1 9.90742E+6 7.06542E-6
2.65803E+1 9.90722E+6 7.06556E-6
2.66189E+1 9.90623E+6 7.06626E-6
2.66542E+1 9.90524E+6 7.06696E-6
2.66714E+1 9.90406E+6 7.06781E-6
2.67071E+1 9.90287E+6 7.06866E-6
2.67231E+1 9.90149E+6 7.06964E-6
2.67631E+1 9.90070E+6 7.07020E-6
2.67977E+1 9.90011E+6 7.07063E-6
2.68183E+1 9.89913E+6 7.07133E-6
2.68183E+1 9.89814E+6 7.07204E-6
2.68721E+1 9.89715E+6 7.07274E-6
2.69074E+1 9.89656E+6 7.07316E-6
2.69262E+1 9.89597E+6 7.07359E-6
2.69616E+1 9.89498E+6 7.07429E-6
2.69791E+1 9.89439E+6 7.07471E-6
2.70156E+1 9.89380E+6 7.07514E-6
2.70509E+1 9.89341E+6 7.07542E-6
2.70692E+1 9.89282E+6 7.07584E-6
2.70872E+1 9.89340E+6 7.07542E-6
2.71230E+1 9.89360E+6 7.07528E-6
2.71611E+1 9.89380E+6 7.07514E-6
2.71773E+1 9.89281E+6 7.07584E-6
2.72143E+1 9.89183E+6 7.07655E-6
2.72305E+1 9.89163E+6 7.07669E-6
2.72536E+1 9.89143E+6 7.07683E-6
2.72960E+1 9.89104E+6 7.07711E-6
2.73316E+1 9.88986E+6 7.07796E-6
2.73492E+1 9.88887E+6 7.07866E-6
2.73845E+1 9.88730E+6 7.07979E-6
2.74028E+1 9.88651E+6 7.08036E-6
2.74385E+1 9.88533E+6 7.08120E-6
2.74559E+1 9.88513E+6 7.08134E-6
2.74736E+1 9.88474E+6 7.08163E-6
2.75271E+1 9.88415E+6 7.08205E-6
2.75450E+1 9.88316E+6 7.08275E-6
2.75803E+1 9.88257E+6 7.08317E-6
2.75982E+1 9.88277E+6 7.08303E-6
2.76336E+1 9.88238E+6 7.08332E-6
2.76513E+1 9.88159E+6 7.08388E-6
2.76871E+1 9.88042E+6 7.08472E-6
2.77050E+1 9.87963E+6 7.08528E-6
2.77404E+1 9.87943E+6 7.08543E-6
2.77763E+1 9.87943E+6 7.08543E-6
2.77941E+1 9.87943E+6 7.08543E-6
2.78298E+1 9.87904E+6 7.08571E-6
2.78474E+1 9.87825E+6 7.08627E-6
2.78832E+1 9.87727E+6 7.08698E-6
2.79191E+1 9.87727E+6 7.08698E-6
2.79368E+1 9.87727E+6 7.08698E-6
2.79550E+1 9.87727E+6 7.08698E-6
2.79908E+1 9.87707E+6 7.08712E-6
2.80268E+1 9.87648E+6 7.08754E-6
2.80452E+1 9.87589E+6 7.08797E-6
2.80452E+1 9.87570E+6 7.08811E-6
2.81036E+1 9.87570E+6 7.08811E-6
2.81213E+1 9.87609E+6 7.08782E-6
2.81562E+1 9.87609E+6 7.08782E-6
2.81911E+1 9.87570E+6 7.08811E-6
2.82172E+1 9.87531E+6 7.08839E-6
2.82380E+1 9.87491E+6 7.08867E-6
2.82695E+1 9.87471E+6 7.08881E-6
2.83070E+1 9.87452E+6 7.08895E-6
2.83286E+1 9.87432E+6 7.08910E-6
2.83636E+1 9.87412E+6 7.08924E-6
2.83806E+1 9.87412E+6 7.08924E-6
2.84171E+1 9.87314E+6 7.08994E-6
2.84369E+1 9.87255E+6 7.09037E-6
2.84714E+1 9.87196E+6 7.09079E-6
2.84916E+1 9.87137E+6 7.09121E-6
2.85276E+1 9.87078E+6 7.09164E-6
2.85462E+1 9.87019E+6 7.09206E-6
2.85837E+1 9.86961E+6 7.09248E-6
2.86216E+1 9.86902E+6 7.09290E-6
2.86386E+1 9.86843E+6 7.09333E-6
2.86740E+1 9.86824E+6 7.09347E-6
2.86906E+1 9.86902E+6 7.09290E-6
2.87265E+1 9.86922E+6 7.09276E-6
2.87463E+1 9.86903E+6 7.09290E-6
2.87843E+1 9.86883E+6 7.09304E-6
2.88203E+1 9.86864E+6 7.09318E-6
2.88354E+1 9.86805E+6 7.09360E-6
2.88540E+1 9.86746E+6 7.09402E-6
2.88980E+1 9.86785E+6 7.09374E-6
2.89334E+1 9.86786E+6 7.09374E-6
2.89514E+1 9.86746E+6 7.09402E-6
2.89692E+1 9.86688E+6 7.09444E-6
2.90047E+1 9.86688E+6 7.09444E-6
2.90401E+1 9.86727E+6 7.09416E-6
2.90582E+1 9.86747E+6 7.09402E-6
2.90938E+1 9.86767E+6 7.09388E-6
2.91113E+1 9.86806E+6 7.09359E-6
2.91471E+1 9.86865E+6 7.09317E-6
2.91649E+1 9.86786E+6 7.09374E-6
2.92005E+1 9.86747E+6 7.09402E-6
2.92185E+1 9.86708E+6 7.09430E-6
2.92540E+1 9.86688E+6 7.09444E-6
2.92899E+1 9.86649E+6 7.09472E-6
2.93076E+1 9.86610E+6 7.09500E-6
2.93436E+1 9.86532E+6 7.09557E-6
2.93612E+1 9.86453E+6 7.09613E-6
2.93968E+1 9.86394E+6 7.09655E-6
2.94143E+1 9.86375E+6 7.09670E-6
2.94384E+1 9.86394E+6 7.09655E-6
2.94441E+1 9.86394E+6 7.09655E-6
2.94478E+1 9.86394E+6 7.09655E-6
2.94475E+1 9.86355E+6 7.09684E-6
2.94457E+1 9.86316E+6 7.09712E-6
2.94406E+1 9.86277E+6 7.09740E-6
2.94383E+1 9.86276E+6 7.09740E-6
2.94308E+1 9.86296E+6 7.09726E-6
2.94281E+1 9.86296E+6 7.09726E-6
2.94223E+1 9.86237E+6 7.09769E-6
2.94180E+1 9.86178E+6 7.09811E-6
2.94174E+1 9.86119E+6 7.09853E-6
2.94176E+1 9.86080E+6 7.09882E-6
2.94209E+1 9.86119E+6 7.09854E-6
2.94277E+1 9.86158E+6 7.09826E-6
2.94316E+1 9.86217E+6 7.09783E-6
2.94447E+1 9.86275E+6 7.09741E-6
2.94489E+1 9.86275E+6 7.09741E-6
2.94524E+1 9.86295E+6 7.09727E-6
2.94570E+1 9.86314E+6 7.09713E-6
2.94689E+1 9.86373E+6 7.09671E-6
2.94893E+1 9.86373E+6 7.09671E-6
2.94994E+1 9.86373E+6 7.09671E-6
2.95271E+1 9.86334E+6 7.09699E-6
2.95441E+1 9.86334E+6 7.09699E-6
2.95851E+1 9.86314E+6 7.09713E-6
2.96088E+1 9.86334E+6 7.09699E-6
2.96658E+1 9.86353E+6 7.09685E-6
2.96990E+1 9.86373E+6 7.09671E-6
2.97344E+1 9.86393E+6 7.09657E-6
2.98176E+1 9.86373E+6 7.09670E-6
2.98935E+1 9.86393E+6 7.09656E-6
2.99302E+1 9.86393E+6 7.09656E-6
3.00073E+1 9.86354E+6 7.09684E-6
3.00424E+1 9.86296E+6 7.09726E-6
3.01162E+1 9.86237E+6 7.09769E-6
3.01764E+1 9.86159E+6 7.09825E-6
3.02052E+1 9.86119E+6 7.09853E-6
3.02575E+1 9.86080E+6 7.09881E-6
3.02839E+1 9.86041E+6 7.09910E-6
3.03054E+1 9.86002E+6 7.09938E-6
3.03458E+1 9.85923E+6 7.09994E-6
3.03738E+1 9.85826E+6 7.10065E-6
3.03889E+1 9.85767E+6 7.10107E-6
3.03968E+1 9.85767E+6 7.10107E-6
3.04209E+1 9.85767E+6 7.10107E-6
3.04238E+1 9.85748E+6 7.10121E-6
3.04263E+1 9.85728E+6 7.10135E-6
3.04235E+1 9.85729E+6 7.10135E-6
3.04188E+1 9.85728E+6 7.10135E-6
3.04155E+1 9.85670E+6 7.10177E-6
3.04033E+1 9.85650E+6 7.10191E-6
3.03918E+1 9.85650E+6 7.10191E-6
3.03724E+1 9.85650E+6 7.10191E-6
3.03473E+1 9.85553E+6 7.10262E-6
3.03340E+1 9.85455E+6 7.10332E-6
3.03054E+1 9.85377E+6 7.10388E-6
3.02922E+1 9.85338E+6 7.10416E-6
3.02600E+1 9.85279E+6 7.10459E-6
3.02472E+1 9.85240E+6 7.10487E-6
3.02184E+1 9.85259E+6 7.10473E-6
3.01846E+1 9.85279E+6 7.10459E-6
3.01718E+1 9.85298E+6 7.10445E-6
3.01410E+1 9.85298E+6 7.10445E-6
3.01194E+1 9.85318E+6 7.10431E-6
3.01077E+1 9.85337E+6 7.10417E-6
3.00791E+1 9.85279E+6 7.10459E-6
3.00562E+1 9.85318E+6 7.10431E-6
3.00417E+1 9.85357E+6 7.10403E-6
3.00354E+1 9.85376E+6 7.10389E-6
3.00115E+1 9.85396E+6 7.10374E-6
2.99925E+1 9.85415E+6 7.10360E-6
2.99855E+1 9.85455E+6 7.10332E-6
2.99725E+1 9.85494E+6 7.10304E-6
2.99655E+1 9.85533E+6 7.10276E-6
2.99554E+1 9.85572E+6 7.10248E-6
2.99466E+1 9.85689E+6 7.10163E-6
2.99449E+1 9.85689E+6 7.10163E-6
2.99372E+1 9.85689E+6 7.10163E-6
2.99344E+1 9.85689E+6 7.10163E-6
2.99375E+1 9.85689E+6 7.10163E-6
2.99351E+1 9.85689E+6 7.10164E-6
2.99365E+1 9.85669E+6 7.10178E-6
2.99403E+1 9.85669E+6 7.10178E-6
2.99424E+1 9.85688E+6 7.10164E-6
2.99428E+1 9.85649E+6 7.10192E-6
2.99484E+1 9.85610E+6 7.10220E-6
2.99526E+1 9.85610E+6 7.10220E-6
2.99554E+1 9.85708E+6 7.10150E-6
2.99634E+1 9.85805E+6 7.10079E-6
2.99669E+1 9.85845E+6 7.10051E-6
2.99753E+1 9.85825E+6 7.10065E-6
2.99760E+1 9.85806E+6 7.10079E-6
2.99852E+1 9.85806E+6 7.10079E-6
2.99901E+1 9.85806E+6 7.10079E-6
2.99950E+1 9.85865E+6 7.10037E-6
3.00024E+1 9.85923E+6 7.09994E-6
3.00066E+1 9.85924E+6 7.09994E-6
3.00118E+1 9.85826E+6 7.10065E-6
3.00133E+1 9.85689E+6 7.10163E-6
3.00206E+1 9.85650E+6 7.10191E-6
3.00263E+1 9.85728E+6 7.10135E-6
3.00266E+1 9.85806E+6 7.10079E-6
3.00351E+1 9.85826E+6 7.10064E-6
3.00308E+1 9.85807E+6 7.10078E-6
3.00344E+1 9.85787E+6 7.10093E-6
3.00340E+1 9.85748E+6 7.10121E-6
3.00375E+1 9.85728E+6 7.10135E-6
3.00351E+1 9.85709E+6 7.10149E-6
3.00326E+1 9.85728E+6 7.10135E-6
3.00365E+1 9.85709E+6 7.10149E-6
3.00351E+1 9.85611E+6 7.10219E-6
3.00340E+1 9.85533E+6 7.10276E-6
3.00291E+1 9.85494E+6 7.10304E-6
3.00263E+1 9.85513E+6 7.10290E-6
3.00249E+1 9.85533E+6 7.10276E-6
3.00220E+1 9.85553E+6 7.10262E-6
3.00182E+1 9.85553E+6 7.10261E-6
3.00147E+1 9.85553E+6 7.10262E-6
3.00097E+1 9.85592E+6 7.10233E-6
3.00024E+1 9.85572E+6 7.10247E-6
3.00017E+1 9.85533E+6 7.10275E-6
2.99925E+1 9.85475E+6 7.10318E-6
2.99880E+1 9.85475E+6 7.10318E-6
2.99820E+1 9.85455E+6 7.10332E-6
2.99767E+1 9.85416E+6 7.10360E-6
2.99757E+1 9.85397E+6 7.10374E-6
2.99694E+1 9.85338E+6 7.10416E-6
2.99715E+1 9.85299E+6 7.10444E-6
2.99648E+1 9.85221E+6 7.10501E-6
2.99599E+1 9.85221E+6 7.10501E-6
2.99613E+1 9.85260E+6 7.10472E-6
2.99603E+1 9.85299E+6 7.10444E-6
2.99592E+1 9.85338E+6 7.10416E-6
2.99578E+1 9.85318E+6 7.10430E-6
2.99557E+1 9.85377E+6 7.10388E-6
2.99582E+1 9.85376E+6 7.10388E-6
2.99597E+1 9.85474E+6 7.10318E-6
2.99590E+1 9.85474E+6 7.10318E-6
2.99611E+1 9.85513E+6 7.10290E-6
2.99629E+1 9.85513E+6 7.10290E-6
2.99646E+1 9.85532E+6 7.10276E-6
2.99660E+1 9.85532E+6 7.10276E-6
2.99671E+1 9.85474E+6 7.10318E-6
2.99660E+1 9.85435E+6 7.10347E-6
2.99681E+1 9.85376E+6 7.10389E-6
2.99723E+1 9.85376E+6 7.10388E-6
2.99744E+1 9.85357E+6 7.10402E-6
2.99734E+1 9.85377E+6 7.10388E-6
2.99758E+1 9.85357E+6 7.10402E-6
2.99765E+1 9.85357E+6 7.10402E-6
2.99783E+1 9.85338E+6 7.10416E-6
2.99748E+1 9.85318E+6 7.10430E-6
2.99839E+1 9.85299E+6 7.10444E-6
2.99842E+1 9.85299E+6 7.10444E-6
2.99842E+1 9.85240E+6 7.10487E-6
2.99832E+1 9.85201E+6 7.10515E-6
2.99867E+1 9.85221E+6 7.10501E-6
2.99895E+1 9.85279E+6 7.10458E-6
2.99895E+1 9.85299E+6 7.10444E-6
2.99909E+1 9.85318E+6 7.10430E-6
2.99906E+1 9.85337E+6 7.10417E-6
2.99955E+1 9.85416E+6 7.10360E-6
2.99937E+1 9.85435E+6 7.10346E-6
2.99920E+1 9.85533E+6 7.10276E-6
2.99948E+1 9.85592E+6 7.10233E-6
2.99955E+1 9.85611E+6 7.10219E-6
2.99955E+1 9.85533E+6 7.10275E-6
2.99948E+1 9.85494E+6 7.10304E-6
2.99941E+1 9.85494E+6 7.10304E-6
2.99937E+1 9.85475E+6 7.10318E-6
2.99927E+1 9.85455E+6 7.10332E-6
2.99913E+1 9.85338E+6 7.10416E-6
2.99804E+1 9.85338E+6 7.10416E-6
2.99741E+1 9.85318E+6 7.10430E-6
2.99594E+1 9.85396E+6 7.10374E-6
2.99499E+1 9.85494E+6 7.10304E-6
2.99384E+1 9.85494E+6 7.10304E-6
2.99338E+1 9.85455E+6 7.10332E-6
2.99258E+1 9.85396E+6 7.10374E-6
2.99202E+1 9.85435E+6 7.10346E-6
2.99149E+1 9.85494E+6 7.10304E-6
2.99132E+1 9.85611E+6 7.10219E-6
2.99163E+1 9.85670E+6 7.10177E-6
2.99142E+1 9.85651E+6 7.10191E-6
2.99153E+1 9.85572E+6 7.10247E-6
2.99226E+1 9.85494E+6 7.10303E-6
2.99226E+1 9.85534E+6 7.10275E-6
2.99275E+1 9.85573E+6 7.10247E-6
2.99324E+1 9.85671E+6 7.10176E-6
2.99391E+1 9.85690E+6 7.10162E-6
2.99454E+1 9.85729E+6 7.10134E-6
2.99496E+1 9.85769E+6 7.10106E-6
2.99583E+1 9.85808E+6 7.10078E-6
2.99636E+1 9.85886E+6 7.10021E-6
2.99751E+1 9.85925E+6 7.09993E-6
2.99769E+1 9.85984E+6 7.09951E-6
2.99892E+1 9.86023E+6 7.09923E-6
2.99997E+1 9.86062E+6 7.09894E-6
3.00036E+1 9.86101E+6 7.09866E-6
3.00116E+1 9.86101E+6 7.09866E-6
3.00169E+1 9.86043E+6 7.09908E-6
3.00278E+1 9.85964E+6 7.09965E-6
3.00310E+1 9.85847E+6 7.10049E-6
3.00349E+1 9.85769E+6 7.10106E-6
3.00422E+1 9.85730E+6 7.10134E-6
3.00444E+1 9.85710E+6 7.10148E-6
3.00475E+1 9.85671E+6 7.10176E-6
3.00525E+1 9.85670E+6 7.10177E-6
3.00570E+1 9.85592E+6 7.10233E-6
3.00581E+1 9.85553E+6 7.10261E-6
3.00599E+1 9.85534E+6 7.10275E-6
3.00623E+1 9.85573E+6 7.10247E-6
3.00599E+1 9.85651E+6 7.10191E-6
3.00613E+1 9.85690E+6 7.10162E-6
3.00627E+1 9.85749E+6 7.10120E-6
3.00592E+1 9.85710E+6 7.10148E-6
3.00599E+1 9.85729E+6 7.10134E-6
3.00599E+1 9.85710E+6 7.10148E-6
3.00584E+1 9.85729E+6 7.10134E-6
3.00577E+1 9.85670E+6 7.10177E-6
3.00542E+1 9.85612E+6 7.10219E-6
3.00549E+1 9.85592E+6 7.10233E-6
3.00521E+1 9.85592E+6 7.10233E-6
3.00489E+1 9.85592E+6 7.10233E-6
3.00489E+1 9.85572E+6 7.10247E-6
3.00482E+1 9.85573E+6 7.10247E-6
3.00454E+1 9.85573E+6 7.10247E-6
3.00429E+1 9.85573E+6 7.10247E-6
3.00426E+1 9.85573E+6 7.10247E-6
3.00415E+1 9.85592E+6 7.10233E-6
3.00429E+1 9.85612E+6 7.10219E-6
3.00415E+1 9.85632E+6 7.10205E-6
3.00489E+1 9.85632E+6 7.10204E-6
3.00486E+1 9.85612E+6 7.10218E-6
3.00521E+1 9.85534E+6 7.10275E-6
3.00553E+1 9.85495E+6 7.10303E-6
3.00570E+1 9.85417E+6 7.10359E-6
3.00623E+1 9.85377E+6 7.10388E-6
3.00602E+1 9.85397E+6 7.10374E-6
3.00648E+1 9.85475E+6 7.10318E-6
3.00697E+1 9.85494E+6 7.10303E-6
3.00718E+1 9.85436E+6 7.10346E-6
3.00687E+1 9.85377E+6 7.10388E-6
3.00718E+1 9.85338E+6 7.10416E-6
3.00718E+1 9.85377E+6 7.10388E-6
3.00718E+1 9.85397E+6 7.10374E-6
3.00722E+1 9.85417E+6 7.10360E-6
3.00687E+1 9.85417E+6 7.10359E-6
3.00676E+1 9.85358E+6 7.10401E-6
3.00641E+1 9.85300E+6 7.10444E-6
3.00620E+1 9.85339E+6 7.10415E-6
3.00620E+1 9.85339E+6 7.10415E-6
3.00581E+1 9.85300E+6 7.10444E-6
3.00567E+1 9.85261E+6 7.10472E-6
3.00518E+1 9.85261E+6 7.10472E-6
3.00504E+1 9.85300E+6 7.10444E-6
3.00472E+1 9.85319E+6 7.10430E-6
3.00465E+1 9.85339E+6 7.10416E-6
3.00454E+1 9.85280E+6 7.10458E-6
3.00412E+1 9.85260E+6 7.10472E-6
3.00391E+1 9.85202E+6 7.10515E-6
3.00373E+1 9.85202E+6 7.10515E-6
3.00359E+1 9.85241E+6 7.10486E-6
3.00303E+1 9.85299E+6 7.10444E-6
3.00299E+1 9.85318E+6 7.10430E-6
3.00275E+1 9.85318E+6 7.10430E-6
3.00250E+1 9.85357E+6 7.10402E-6
3.00215E+1 9.85396E+6 7.10374E-6
3.00204E+1 9.85514E+6 7.10290E-6
3.00225E+1 9.85573E+6 7.10247E-6
3.00166E+1 9.85631E+6 7.10205E-6
3.00169E+1 9.85670E+6 7.10177E-6
3.00155E+1 9.85670E+6 7.10177E-6
3.00155E+1 9.85632E+6 7.10205E-6
3.00141E+1 9.85593E+6 7.10233E-6
3.00138E+1 9.85554E+6 7.10261E-6
3.00116E+1 9.85495E+6 7.10303E-6
3.00095E+1 9.85397E+6 7.10373E-6
3.00092E+1 9.85300E+6 7.10444E-6
3.00095E+1 9.85222E+6 7.10500E-6
3.00109E+1 9.85202E+6 7.10514E-6
3.00081E+1 9.85241E+6 7.10486E-6
3.00078E+1 9.85319E+6 7.10430E-6
3.00074E+1 9.85319E+6 7.10430E-6
3.00067E+1 9.85319E+6 7.10430E-6
3.00095E+1 9.85319E+6 7.10430E-6
3.00085E+1 9.85319E+6 7.10430E-6
3.00071E+1 9.85339E+6 7.10416E-6
3.00102E+1 9.85358E+6 7.10402E-6
3.00116E+1 9.85378E+6 7.10387E-6
3.00123E+1 9.85358E+6 7.10401E-6
3.00109E+1 9.85280E+6 7.10458E-6
3.00123E+1 9.85163E+6 7.10542E-6
3.00127E+1 9.85144E+6 7.10556E-6
3.00134E+1 9.85144E+6 7.10556E-6
3.00152E+1 9.85144E+6 7.10556E-6
3.00180E+1 9.85143E+6 7.10556E-6
3.00180E+1 9.85124E+6 7.10571E-6
3.00204E+1 9.85065E+6 7.10613E-6
3.00222E+1 9.85007E+6 7.10655E-6
3.00225E+1 9.84968E+6 7.10683E-6
3.00275E+1 9.84948E+6 7.10697E-6
3.00282E+1 9.84968E+6 7.10683E-6
3.00331E+1 9.84987E+6 7.10669E-6
3.00317E+1 9.85007E+6 7.10655E-6
3.00380E+1 9.85026E+6 7.10641E-6
3.00377E+1 9.85046E+6 7.10627E-6
3.00433E+1 9.85065E+6 7.10613E-6
3.00422E+1 9.85124E+6 7.10571E-6
3.00447E+1 9.85182E+6 7.10529E-6
3.00479E+1 9.85182E+6 7.10529E-6
3.00489E+1 9.85143E+6 7.10557E-6
3.00500E+1 9.85123E+6 7.10571E-6
3.00482E+1 9.85104E+6 7.10585E-6
3.00496E+1 9.85065E+6 7.10613E-6
3.00486E+1 9.85026E+6 7.10641E-6
3.00500E+1 9.84987E+6 7.10669E-6
3.00475E+1 9.84987E+6 7.10669E-6
3.00482E+1 9.84987E+6 7.10669E-6
